ARMA_MAT_TXT_FN008
50 1
  1.296383665926e-305
  3.395193270139e-313
  5.731609380145e-298
  5.736421520678e-298
  5.738900502166e-298
  5.736858988001e-298
  5.732630137228e-298
  5.737733922642e-298
  5.731901025026e-298
  5.731463557705e-298
  5.731317735264e-298
  5.734380006513e-298
  5.735400763595e-298
  5.739337969487e-298
  5.736713165560e-298
  5.738463034845e-298
  5.735984053358e-298
  5.737879745083e-298
  5.731171912825e-298
  5.736275698239e-298
  5.737296455322e-298
  5.735838230918e-298
  5.738171389964e-298
  5.729859510861e-298
  5.732046847467e-298
  5.727817996694e-298
  5.728692931336e-298
  5.730151155741e-298
  5.730005333300e-298
  5.729713688419e-298
  5.731026090383e-298
  5.727234706932e-298
  5.728547108896e-298
  5.726651417171e-298
  5.734234184073e-298
  5.733359249430e-298
  5.733650894311e-298
  5.734817473834e-298
  5.735692408476e-298
  5.735546586036e-298
  5.733213426990e-298
  5.737588100203e-298
  5.741671128535e-298
  5.741525306094e-298
  5.741087838773e-298
  5.737442277763e-298
  5.742400240736e-298
  5.745025044662e-298
  5.713527397538e-298
  9.431635935460e-309
